1.000000000000000000e+00 2.835208663439757193e-01
2.000000000000000000e+00 1.948802011365873554e-01
3.000000000000000000e+00 1.492939143514658007e-01
4.000000000000000000e+00 1.215055620068451053e-01
5.000000000000000000e+00 1.027725358184318066e-01
6.000000000000000000e+00 8.911607196763553229e-02
7.000000000000000000e+00 7.886647963583078014e-02
8.000000000000000000e+00 7.074725379759251587e-02
9.000000000000000000e+00 6.419772090976877399e-02
1.000000000000000000e+01 5.885495899438553113e-02
1.100000000000000000e+01 5.430179595985776264e-02
1.200000000000000000e+01 5.049567124139356378e-02
1.300000000000000000e+01 4.718538534614622609e-02
1.400000000000000000e+01 4.425394609911649513e-02
1.500000000000000000e+01 4.173166357615942790e-02
1.600000000000000000e+01 3.939231663531624072e-02
1.700000000000000000e+01 3.740060520931395849e-02
1.800000000000000000e+01 3.570424854318757224e-02
1.900000000000000000e+01 3.397207563898582694e-02
2.000000000000000000e+01 3.242421397190838744e-02
2.100000000000000000e+01 3.107227630526900042e-02
2.200000000000000000e+01 2.983431395508836029e-02
2.300000000000000000e+01 2.868292816980315060e-02
2.400000000000000000e+01 2.760291645709983532e-02
2.500000000000000000e+01 2.672235572230042752e-02
2.600000000000000000e+01 2.568545347329277695e-02
2.700000000000000000e+01 2.494089337555976602e-02
2.800000000000000000e+01 2.406795394977053956e-02
2.900000000000000000e+01 2.335313352414022242e-02
3.000000000000000000e+01 2.267616376082514512e-02
3.100000000000000000e+01 2.203260632703683136e-02
3.200000000000000000e+01 2.138052879006398233e-02
3.300000000000000000e+01 2.087478336606930079e-02
3.400000000000000000e+01 2.027521870152550892e-02
3.500000000000000000e+01 1.973442111130935608e-02
3.600000000000000000e+01 1.925136101107922937e-02
3.700000000000000000e+01 1.876720086314265235e-02
3.800000000000000000e+01 1.833863630828215519e-02
3.900000000000000000e+01 1.787245895168546039e-02
4.000000000000000000e+01 1.747529896028876539e-02
4.100000000000000000e+01 1.710837851347151231e-02
4.200000000000000000e+01 1.672819864498871489e-02
4.300000000000000000e+01 1.636387866093335156e-02
4.400000000000000000e+01 1.605304085967123109e-02
4.500000000000000000e+01 1.573602332319541316e-02
4.600000000000000000e+01 1.540795626010823052e-02
4.700000000000000000e+01 1.509901838849509424e-02
4.800000000000000000e+01 1.476038383722221708e-02
4.900000000000000000e+01 1.455757373690185277e-02
5.000000000000000000e+01 1.429011641805542736e-02
5.100000000000000000e+01 1.401414632024380533e-02
5.200000000000000000e+01 1.374282605108628763e-02
5.300000000000000000e+01 1.352685380517145569e-02
5.400000000000000000e+01 1.331813829866110993e-02
5.500000000000000000e+01 1.309950596804404163e-02
5.600000000000000000e+01 1.290709870596239150e-02
5.700000000000000000e+01 1.264895825838468872e-02
5.800000000000000000e+01 1.247320354309390880e-02
5.900000000000000000e+01 1.233899571338339593e-02
6.000000000000000000e+01 1.212656604123353229e-02
6.100000000000000000e+01 1.190539097018383091e-02
6.200000000000000000e+01 1.175460884545816674e-02
6.300000000000000000e+01 1.158311380964555451e-02
6.400000000000000000e+01 1.141325379595043051e-02
6.500000000000000000e+01 1.123108876611512638e-02
6.600000000000000000e+01 1.109398099866656766e-02
6.700000000000000000e+01 1.092813341958689954e-02
6.800000000000000000e+01 1.081538639721182048e-02
6.900000000000000000e+01 1.064581105015254166e-02
7.000000000000000000e+01 1.049476085185926250e-02
7.100000000000000000e+01 1.038365371830459773e-02
7.200000000000000000e+01 1.029181609313614167e-02
7.300000000000000000e+01 1.011074106508279107e-02
7.400000000000000000e+01 9.986586021940614677e-03
7.500000000000000000e+01 9.875273738151363334e-03
7.600000000000000000e+01 9.750863521230376807e-03
7.700000000000000000e+01 9.615208754343396863e-03
7.800000000000000000e+01 9.500191238153042270e-03
7.900000000000000000e+01 9.420678591991221706e-03
8.000000000000000000e+01 9.324038520462422930e-03
8.100000000000000000e+01 9.204513829372247199e-03
8.200000000000000000e+01 9.109766394506869924e-03
8.300000000000000000e+01 8.977651332595723219e-03
8.400000000000000000e+01 8.910451202411202171e-03
8.500000000000000000e+01 8.761163544439631162e-03
8.600000000000000000e+01 8.732518807243655479e-03
8.700000000000000000e+01 8.604983835811983936e-03
8.800000000000000000e+01 8.504653634616022098e-03
8.900000000000000000e+01 8.393306086885793382e-03
9.000000000000000000e+01 8.347871355594496320e-03
9.100000000000000000e+01 8.248882914118309609e-03
9.200000000000000000e+01 8.206995386420896932e-03
9.300000000000000000e+01 8.121978119810887090e-03
9.400000000000000000e+01 8.038339390469670734e-03
9.500000000000000000e+01 7.960167739415432292e-03
9.600000000000000000e+01 7.890732726097825223e-03
9.700000000000000000e+01 7.765745627201147035e-03
9.800000000000000000e+01 7.728178414501801416e-03
9.900000000000000000e+01 7.620589947818366856e-03
1.000000000000000000e+02 7.524186048202013109e-03
1.010000000000000000e+02 7.537633852065063651e-03
1.020000000000000000e+02 7.468038603195453415e-03
1.030000000000000000e+02 7.366458400641904408e-03
1.040000000000000000e+02 7.290281347364219004e-03
1.050000000000000000e+02 7.251440939962022769e-03
1.060000000000000000e+02 7.210376052301528671e-03
1.070000000000000000e+02 7.138286217992592490e-03
1.080000000000000000e+02 7.055088633382840257e-03
1.090000000000000000e+02 6.979093593505819593e-03
1.100000000000000000e+02 6.930906074154655205e-03
1.110000000000000000e+02 6.879541174039123692e-03
1.120000000000000000e+02 6.823843824044956846e-03
1.130000000000000000e+02 6.768686108642198856e-03
1.140000000000000000e+02 6.705816202137029197e-03
1.150000000000000000e+02 6.675258812427616387e-03
1.160000000000000000e+02 6.600636349907482332e-03
1.170000000000000000e+02 6.553821280554861066e-03
1.180000000000000000e+02 6.509328515093620524e-03
1.190000000000000000e+02 6.461678532899342055e-03
1.200000000000000000e+02 6.396741289058737075e-03
